translate = [7.358891487121582, 4.958309650421143, 6.925790786743164]
look_at = [6.707333087921143, 4.513038158416748, 6.311620712280273]
vertical_field_of_view = 26.991466429975517
ev100 = 12.0
